HEADWORD	F1	F2	F3	F4	F5	F6	F7	F8	F9	F10	F11	F12	RANGE	FREQ
ANALYSE	286	721	542	796	272	505	327	485	813	677	281	638	12	6343
AL	55	734	1311	373	439	681	810	593	1832	522	270	463	12	8083
ACCORDING	79	188	252	162	28	109	115	74	137	126	57	89	12	1416
AMERICA	10	50	29	71	10	26	4	33	42	26	1	17	12	319
ASYNCHRONOUS	1	30	9	14	2	31	0	9	6	34	32	27	11	195
AZURE	0	0	0	0	0	0	0	0	21	0	0	3	2	24
ASIA	0	3	1	16	1	10	4	1	5	1	0	8	10	50
AUSTRALIA	0	8	9	10	4	23	2	10	13	3	2	10	11	94
AUSTRIA	4	0	4	3	0	3	1	0	1	0	0	1	7	17
ATTENUATE	0	6	36	33	59	13	8	0	6	2	0	7	9	170
AC	26	85	110	176	9	100	18	60	74	46	57	11	12	772
APRIL	24	44	66	58	5	40	23	16	11	10	8	17	12	322
AFRICA	2	4	0	1	6	1	0	3	3	0	0	4	8	24
AXE	5	31	77	10	37	11	96	28	11	5	14	66	12	391
ATM	0	6	1	28	0	0	0	6	2	7	5	6	8	61
AUTHORISE	0	5	0	265	0	21	0	2	46	3	4	3	8	349
ASS	0	0	1	0	0	0	0	0	0	0	0	1	2	2
AXIAL	0	3	0	0	0	0	4	0	7	1	0	1	5	16
AIRFLOW	0	23	0	1	0	0	0	0	0	0	4	1	4	29
AU	0	26	14	25	1	17	3	8	31	4	3	6	11	138
ABC	3	23	15	3	0	5	0	172	0	0	6	180	8	407
ANNEAL	0	60	27	0	6	8	7	0	5	1	2	3	9	119
ANTARCTICA	0	0	0	0	0	1	0	0	0	0	0	1	2	2
ASCII	13	30	3	8	3	0	0	2	2	2	35	1	10	99
ANALOGUE	7	9	2	0	1	3	2	5	0	1	1	2	10	33
AY	0	4	7	0	0	0	12	7	0	0	2	21	6	53
BEHAVIOUR	147	276	708	288	24	274	53	611	235	310	208	282	12	3416
BOOLEAN	181	42	86	40	7	0	3	61	49	93	13	151	11	726
B	1321	2416	3374	660	397	1065	1868	3392	548	456	1079	1305	12	17881
BORING	1	2	5	6	3	1	6	2	1	24	1	3	12	55
BA	7	14	76	0	7	1	5	29	2	1	3	10	11	155
BRAY	0	0	0	0	0	3	0	0	4	0	0	1	3	8
BC	7	8	10	2	4	7	6	34	14	2	3	4	12	101
BRAZIL	0	1	1	1	0	1	0	1	2	0	0	1	7	8
BRITAIN	2	8	6	13	0	3	0	24	2	7	0	2	9	67
BOOKING	0	0	1	1	0	2	0	2	0	5	0	3	6	14
BOTANIC	0	0	2	0	0	0	0	0	0	0	0	1	2	3
BSC	0	0	1	7	0	0	0	0	0	0	0	2	3	10
BOXED	2	13	0	2	1	0	1	0	5	8	0	1	8	33
BUSTED	0	1	0	0	0	0	0	0	0	1	1	4	4	7
CALIFORNIA	7	22	19	27	6	3	6	16	5	4	17	3	12	135
CENTRE	61	220	346	238	260	237	491	149	295	116	215	172	12	2800
CONCERTED	0	1	2	5	0	0	1	0	0	0	0	1	5	10
COLOUR	207	185	757	26	870	129	625	144	66	367	29	101	12	3506
CATALOGUE	3	8	3	49	4	5	3	4	96	20	8	8	12	211
C	1224	2210	1785	1227	356	1157	1254	2408	979	540	1516	1260	12	15916
CENTIMETRE	0	75	97	59	1	51	5	37	55	8	13	43	11	444
CORTICAL	0	2	20	0	1	0	0	0	0	0	0	29	4	52
CATHODE	0	5	1	1	0	0	4	0	0	0	0	1	5	12
CHROMATIC	0	2	1	1	0	12	20	0	0	0	0	1	6	37
COVARIANCE	1	4	36	27	26	60	248	0	9	3	0	37	10	451
CLOSES	64	163	256	44	9	23	70	102	16	65	70	27	12	909
CAPITALISE	2	2	4	2	0	3	0	1	7	10	4	3	10	38
CANADA	4	17	4	14	1	6	4	28	9	13	3	10	12	113
CPU	1	152	36	52	11	30	5	0	113	38	524	53	11	1015
CONGESTED	8	23	2	20	0	9	0	10	2	0	6	2	9	82
CUSTOMISE	1	15	2	23	3	0	0	11	29	17	7	5	10	113
CF	2	19	142	24	7	24	5	60	51	8	2	10	12	354
CANS	0	0	0	2	2	0	0	0	1	2	1	1	6	9
CD	11	52	13	38	18	10	8	26	21	6	184	8	12	395
COMPLAINTS	2	5	2	7	0	5	0	2	0	5	0	6	8	34
CHRISTMAS	0	1	1	5	1	0	2	1	0	4	1	1	9	17
COUNTESS	0	0	0	0	0	0	0	4	0	0	0	1	2	5
DECEMBER	6	46	20	80	10	40	14	7	5	55	19	83	12	385
DEFENCE	31	12	24	248	0	1	2	9	8	5	8	11	11	359
DIFFRACTION	0	21	0	3	2	2	2	0	6	0	0	1	7	37
D	664	3208	1986	799	268	848	1920	1442	579	275	633	871	12	13493
DISABLED	37	69	29	75	18	27	26	22	22	66	190	104	12	685
DIPOLE	0	0	3	1	1	2	0	0	32	0	0	3	6	42
DENDRITE	0	0	1	0	0	0	0	0	0	0	0	2	2	3
DATASET	14	51	307	173	231	258	415	43	58	99	14	16	12	1679
DIGITISE	1	8	0	7	4	0	8	1	0	1	0	2	8	32
DOS	0	2	0	124	3	0	2	2	7	3	62	8	9	213
DESPATCH	1	25	20	8	0	0	0	24	7	7	46	1	9	139
DEUTSCHMARK	1	80	22	12	3	3	5	29	0	0	13	18	10	186
DISC	76	117	11	68	9	98	13	23	21	20	1280	29	12	1765
DECREMENT	11	10	1	2	0	0	0	0	0	10	35	10	7	79
DELIMIT	1	4	59	4	1	1	1	2	1	3	3	2	12	82
DEMARCATE	0	0	0	1	0	0	1	0	2	0	1	1	5	6
DRUNKARD	0	0	0	0	0	0	0	0	0	0	0	6	1	6
DJ	11	0	11	17	0	17	5	6	0	0	20	6	8	93
ET	26	712	1212	300	436	669	783	555	1800	525	238	449	12	7705
E	991	9271	2476	1630	381	1532	1803	2179	962	1022	1142	1150	12	24539
ESPECIAL	19	87	110	134	41	49	64	70	58	91	64	37	12	824
ETC	50	74	149	84	39	72	160	90	56	97	124	33	12	1028
EUROPE	3	14	14	68	8	31	6	51	32	20	5	18	12	270
ENDEAVOUR	1	2	1	9	0	7	3	2	7	7	0	1	10	40
EEG	0	5	6	0	0	0	0	0	0	30	0	146	4	187
EXTRACELLULAR	0	0	0	0	0	0	0	3	2	0	0	1	3	6
EXOGENOUS	0	1	1	0	0	6	0	58	5	0	0	16	6	87
ENDOGENOUS	0	0	0	0	0	1	0	42	7	0	0	11	4	61
ECG	0	0	0	0	0	0	0	0	9	3	0	10	3	22
EGYPT	0	1	0	4	1	0	1	5	1	0	0	2	7	15
EXTRINSIC	0	1	5	0	0	24	15	1	1	2	0	1	8	50
ENROL	0	1	0	4	0	1	0	34	0	1	1	1	7	43
FIRMS	29	1	0	13	0	10	1	171	0	6	0	3	8	234
F	1216	1286	2650	646	214	912	1287	2656	218	340	439	660	12	12524
FM	2	6	37	6	8	51	7	0	0	6	4	6	10	133
FAVOUR	12	45	45	32	15	30	51	36	36	31	51	31	12	415
False	5	19	3	4	2	1	1	0	0	1	0	1	9	37
FLAVOUR	4	11	8	8	1	11	1	6	1	5	17	1	12	74
FACTO	0	1	4	9	0	1	0	2	3	0	1	2	8	23
FULFIL	2	6	22	9	0	11	5	18	8	35	10	14	11	140
FRANCE	2	6	30	14	7	28	11	28	10	14	5	2	12	157
FILENAME	0	4	3	4	3	3	5	12	3	22	30	4	11	93
FINED	3	11	4	17	2	1	6	6	6	4	3	2	12	65
FRIDAY	47	2	3	8	0	16	15	6	1	14	5	11	11	128
FELLED	0	0	0	0	0	0	1	0	0	0	0	1	2	2
G	808	1200	1574	958	312	943	1026	1198	765	469	414	607	12	10274
GREY	20	25	32	8	38	14	75	6	28	29	5	8	12	288
GERMANY	11	5	40	37	6	7	9	18	14	10	0	6	11	163
GENERALS	5	43	31	15	5	15	20	9	16	17	14	9	12	199
GREECE	0	5	0	19	0	6	2	15	1	2	1	3	9	54
GP	0	16	69	64	0	16	11	12	14	54	1	5	10	262
GERIATRIC	0	0	0	0	0	0	0	0	0	0	0	1	1	1
GI	72	10	16	2	11	6	9	8	30	0	41	8	11	213
GREGORIAN	0	0	0	0	0	0	0	0	0	0	0	2	1	2
GRANDER	0	0	0	1	0	0	0	0	0	0	0	1	2	2
HETEROGENEITY	3	43	35	24	1	35	1	67	34	22	64	19	12	348
H	602	886	1014	599	154	637	952	319	276	358	469	408	12	6674
HUMANITIES	0	0	0	5	0	9	0	1	0	2	0	1	5	18
HABITUATE	0	0	0	0	0	0	0	3	0	4	0	3	3	10
HUNGARY	1	0	0	1	0	1	0	1	5	0	2	1	7	12
HANDHELD	0	2	14	5	1	1	0	0	2	14	5	2	9	46
HESSIAN	0	0	9	0	5	1	132	0	12	0	0	1	6	160
HULLO	195	102	44	4	5	15	57	25	11	34	41	48	12	581
HEBREW	0	1	2	0	0	0	0	0	9	1	0	1	5	14
HONOUR	6	2	22	9	1	5	0	5	3	6	4	3	11	66
IBM	1	43	10	49	11	6	2	10	4	20	72	32	12	260
ITALY	2	3	17	6	2	11	4	7	4	4	0	3	11	63
INVARIANT	35	37	24	4	64	9	285	18	13	38	6	29	12	562
IRISH	0	3	0	1	4	3	0	1	4	3	0	3	8	22
INERTIAL	0	0	11	0	0	0	0	0	0	10	0	3	3	24
INCIPIENT	0	0	0	1	0	0	0	0	1	0	0	1	3	3
INDIA	3	1	12	11	2	2	4	16	2	10	1	5	12	69
ICELAND	0	0	0	0	0	0	0	0	0	0	0	1	1	1
INDONESIA	0	0	0	1	0	1	0	1	0	0	0	1	4	4
IE	0	10	1	11	2	3	0	6	18	2	1	3	10	57
ISRAEL	0	1	4	14	0	0	0	1	36	2	1	1	8	60
J	768	1018	1376	424	324	509	954	1072	808	183	987	1445	12	9868
JUNE	10	36	6	61	2	36	0	17	7	11	13	22	11	221
K	1119	1673	1279	773	184	967	1670	1754	367	176	400	1112	12	11474
KAISER	0	0	0	0	2	4	0	3	0	0	0	5	4	14
KOREA	1	2	0	9	0	4	0	2	31	3	0	3	8	55
LB	3	19	64	2	0	0	5	0	2	0	1	15	8	111
L	420	1153	1299	406	138	289	837	1190	439	116	155	417	12	6859
LOGISTICS	0	8	43	11	3	31	284	208	10	3	0	5	10	606
LCD	0	9	4	2	2	0	2	0	1	2	0	6	8	28
LABOUR	0	5	3	4	1	17	7	143	8	32	2	7	11	229
LOCOMOTION	0	0	0	0	0	0	0	3	0	0	0	5	2	8
LEBANON	0	0	0	0	0	0	0	0	0	0	0	1	1	1
LANCET	0	0	0	0	0	1	0	0	0	0	0	1	2	2
LAN	4	28	19	105	3	2	4	2	11	9	27	9	12	223
LONDON	0	8	11	10	1	4	5	7	4	8	1	3	11	62
LAPPED	0	0	0	0	0	5	2	1	3	1	0	1	6	13
LE	0	32	5	3	8	2	11	68	7	12	16	3	11	167
LICENCE	0	4	7	117	1	38	10	26	42	7	67	48	11	367
LATIN	0	3	3	1	2	0	3	6	1	1	1	3	10	24
LP	17	6	19	0	0	14	10	10	1	3	16	2	10	98
MULTIVARIATE	2	3	10	2	15	11	70	3	2	0	0	11	10	129
MOBILISE	0	0	0	4	0	0	0	0	0	1	0	1	3	6
METRE	8	88	211	152	22	88	48	29	25	71	82	29	12	853
MS	0	57	86	23	16	12	10	12	109	25	108	22	11	480
MBA	0	0	0	0	0	0	0	3	1	3	0	1	4	8
MD	13	2	1	26	5	6	6	0	41	0	1	1	10	102
MOULD	43	3	2	1	0	0	0	12	6	2	5	1	9	75
MEXICO	0	0	1	7	3	1	1	34	2	3	1	1	10	54
MOHAMMED	2	1	3	0	0	0	3	2	0	3	0	1	7	15
MARTEN	0	0	5	0	0	0	0	0	0	0	0	2	2	7
MALAYSIA	0	0	0	4	0	0	0	0	1	0	0	1	3	6
MP	0	17	32	7	1	13	13	18	8	39	9	1	11	158
MYOCARDIAL	0	0	0	0	0	0	0	0	2	0	0	1	2	3
MODERATED	0	0	2	2	0	1	6	8	7	4	0	35	8	65
MODULUS	4	9	2	57	1	1	0	18	0	0	5	20	9	117
MPH	0	0	0	0	0	0	0	2	1	0	0	3	3	6
NATO	0	0	2	21	0	0	0	0	0	0	0	1	3	24
NEIGHBOUR	90	130	276	55	83	126	473	102	64	86	23	71	12	1579
NOTATE	60	169	91	22	9	32	71	195	21	108	66	62	12	906
N	3365	2716	2102	1028	425	1184	2250	4923	794	402	1510	2415	12	23114
NOVEMBER	10	36	27	59	8	42	21	31	5	46	7	12	12	304
NEUROPHYSIOLOGICAL	0	0	10	0	0	0	1	0	0	0	0	5	3	16
NETHERLANDS	1	12	5	1	0	5	0	3	4	2	0	2	9	35
NIMBUS	0	0	0	0	0	0	0	0	0	3	0	7	2	10
OPTIMISE	40	501	714	144	73	160	221	174	269	130	334	182	12	2942
O	691	464	624	397	101	293	323	704	295	236	1030	903	12	6061
OCTOBER	33	46	40	54	2	32	17	26	3	64	4	36	12	357
ONTOLOGICAL	0	0	5	11	0	0	0	0	0	2	0	2	4	20
ONTOLOGY	0	0	22	86	0	163	0	0	7	5	0	5	6	288
ORTHOGONAL	6	24	17	37	57	33	39	3	8	13	4	8	12	249
OPERANT	0	0	2	2	0	0	0	0	0	0	0	1	3	5
OP	39	124	25	17	4	9	12	23	31	17	66	23	12	390
OCCLUSION	0	0	11	1	31	18	76	0	1	5	0	1	8	144
ORDINAL	1	0	6	1	0	5	6	5	2	3	2	4	10	35
OFFENCE	30	2	5	31	6	3	1	6	2	9	1	18	12	114
OUTDATED	0	0	1	2	1	11	0	0	0	0	0	1	5	16
OLYMPIC	0	1	0	0	0	1	14	0	0	1	0	1	5	18
OBJECTED	1	1	4	5	3	0	3	0	0	4	0	1	8	22
PRACTISE	47	108	148	174	65	106	173	237	90	215	88	104	12	1555
PROGRAMME	1345	2161	636	956	440	118	166	403	634	1217	2195	1633	12	11904
PC	0	119	29	41	14	26	8	30	49	23	218	11	11	568
PERSONALISE	0	0	5	6	1	8	8	3	6	40	0	15	9	92
PATIENTS	2	3	14	13	0	5	4	31	236	1	0	71	10	380
PRIORI	14	20	44	7	18	8	12	11	10	7	8	11	12	170
PARIS	0	3	7	10	1	1	24	11	3	0	1	2	10	63
PARALYSE	0	0	0	0	0	0	0	0	0	0	0	2	1	2
PERMUTATE	62	15	20	7	0	12	2	211	96	1	3	54	11	483
PRISE	0	1	0	4	1	2	4	0	2	2	4	2	9	22
PORTUGAL	0	0	1	0	0	3	0	0	1	0	0	2	4	7
PICT	0	0	0	0	0	0	0	2	0	1	1	1	4	5
PS	2	96	28	24	3	21	13	4	23	4	174	4	12	396
PRICK	0	0	0	0	0	0	1	0	0	0	0	1	2	2
PHYLOGENY	0	0	8	0	0	1	0	0	10	0	0	1	4	20
PLAGIARISE	2	2	3	0	3	9	5	2	1	3	2	10	11	42
PM	7	48	25	21	0	9	4	56	4	5	46	2	11	227
POUNDING	0	0	0	1	0	0	0	0	0	1	0	2	3	4
PHYLOGENETIC	0	0	89	0	2	0	0	0	19	0	0	1	4	111
PENDING	0	32	4	7	2	2	0	7	6	10	112	1	10	183
Q	442	206	628	409	81	527	324	1689	152	30	308	402	12	5198
QC	2	1	10	1	0	2	78	34	0	0	3	10	9	141
RIGOUR	7	7	13	19	1	24	3	5	22	20	4	4	12	129
REALISE	18	82	60	79	8	28	5	78	42	125	44	53	12	622
R	592	1835	1505	709	306	889	1299	1880	447	254	464	1247	12	11427
ROSA	0	0	1	0	0	0	0	0	1	0	0	1	3	3
ROME	0	1	3	4	0	1	9	12	2	7	0	11	9	50
RUSSIA	5	0	0	13	0	0	0	10	7	1	0	6	6	42
REFRACTIVE	0	0	7	0	0	0	7	0	0	6	0	1	4	21
STATES	34	472	257	300	12	84	111	217	170	69	312	73	12	2111
SEPTEMBER	29	37	28	87	0	86	21	26	8	40	8	22	11	392
SANTA	2	2	3	1	0	0	0	0	1	3	6	1	8	19
STOREY	0	13	0	0	0	0	0	0	0	0	0	1	2	14
SUPERCONDUCTING	0	7	0	0	0	0	1	0	0	0	0	1	3	9
SECONDS	25	129	94	142	12	112	171	28	41	84	370	40	12	1248
STOCHASTIC	6	46	74	11	18	23	35	94	28	16	68	6	12	425
SYNCHRONOUS	1	15	7	16	1	19	0	26	10	30	7	24	11	156
SPECTRE	1	108	4	33	7	21	22	16	44	5	1	32	12	294
SPAIN	2	3	9	4	1	6	0	4	5	2	1	1	11	38
SWITZERLAND	0	2	5	2	7	2	4	2	54	10	0	1	10	89
SCEPTIC	0	0	2	13	0	3	0	1	0	2	0	1	6	22
SYSTOLIC	0	114	0	0	0	0	0	0	0	0	0	1	2	115
SAWN	0	0	0	0	3	0	0	0	0	0	0	1	2	4
SF	0	0	4	0	2	0	11	11	9	0	0	43	6	80
SYNOPTIC	0	0	0	0	0	4	0	0	0	0	0	1	2	5
SCHEMA	2	4	8	16	0	60	0	2	3	2	0	10	9	107
SOCIOLINGUIST	0	0	0	0	0	0	0	0	0	0	0	1	1	1
SENTINEL	4	8	3	1	0	0	0	0	0	0	3	55	6	74
SUNDAY	1	0	1	8	0	1	0	2	0	4	2	3	8	22
SENTENCING	0	0	0	11	0	0	0	0	0	0	0	1	2	12
SATURDAY	3	0	1	1	0	2	2	7	0	3	0	4	8	23
SCALAR	2	41	45	4	11	8	49	1	21	27	40	8	12	257
STEAMSHIP	23	13	9	28	3	4	5	9	6	11	1	8	12	120
SIAM	0	1	3	0	1	0	0	1	0	0	0	151	5	157
TUNISIA	0	0	0	0	0	0	0	0	0	0	0	1	1	1
TRANSCEIVER	0	0	0	7	0	4	0	0	10	16	9	2	6	48
THEORISE	0	0	1	3	0	0	0	4	0	1	0	11	5	20
True	83	36	377	22	54	215	126	375	12	51	10	12	12	1373
TOPMOST	4	4	2	0	0	0	3	1	0	0	1	2	7	17
THEATRE	1	0	8	2	2	3	0	1	0	0	1	4	8	22
THURSDAY	16	4	6	11	5	5	21	9	1	6	5	15	12	104
TUESDAY	14	3	6	16	1	2	12	11	1	21	9	15	12	111
TURNKEY	0	0	0	2	0	0	0	0	0	0	0	1	2	3
U	275	392	1149	633	142	354	405	327	256	69	175	359	12	4536
UK	0	7	50	38	3	15	7	19	45	23	1	2	11	210
UNIX	8	28	16	78	11	7	4	0	10	25	321	8	11	516
UV	0	30	12	1	6	24	13	7	5	5	0	1	10	104
VIETNAM	1	0	2	1	0	0	0	1	0	0	0	3	5	8
WAREHOUSING	0	0	0	0	0	13	0	2	0	0	2	8	4	25
WORKBENCH	0	2	0	1	0	0	0	0	24	0	0	1	4	28
W	200	496	1041	176	138	374	1595	267	369	121	373	320	12	5470
WAVEFORM	0	10	1	16	0	7	2	0	0	5	0	5	7	46
WORSE	149	84	126	77	32	55	42	128	29	62	162	138	12	1084
WEDNESDAY	60	8	1	15	0	2	18	11	0	2	2	4	10	123
Z	196	477	727	151	424	257	450	419	74	100	290	335	12	3900
ZODIAC	0	0	0	0	0	0	0	1	0	0	0	21	2	22
